finish
/cle
/prep7
et,1,185
et,2,mass21
mp,ex,1,69e9
mp,prxy,1,0.3
mp,dens,1,2700
*set,Mtab,1000
*set,Itab,100
r,2,Mtab,Mtab,Mtab,Itab,Itab,Itab
!model bottom plate
block,0,0.1,0,0.0025,0,0.008
block,0,0.008,0,0.0025,0.008,0.092
block,0,0.1,0,0.0025,0.092,0.1
block,0.092,0.1,0,0.0025,0.008,0.092
block,0.008,0.092,0,0.0025,0.008,0.092

!model bottom cutouts

!centre square
k,41,0.05,0,0.0203
k,42,0.05,0.0025,0.0203
k,43,0.0203,0,0.05
k,44,0.0203,0.0025,0.05
k,45,0.05,0,0.0797
k,46,0.05,0.0025,0.0797
k,47,0.0797,0,0.05
k,48,0.0797,0.0025,0.05
v,41,43,45,47,42,44,46,48
vsbv,5,6

!Top LHS trapezoid
k,49,0.009,0,0.014
k,50,0.0186,0,0.0412
k,51,0.0412,0,0.0186
k,52,0.014,0,0.009
k,53,0.009,0.0025,0.014
k,54,0.0186,0.0025,0.0412
k,55,0.0412,0.0025,0.0186
k,56,0.014,0.0025,0.009
v,49,50,51,52,53,54,55,56
vsbv,7,5

!Bottom LHS trapezoid
k,57,0.014,0,0.091
k,58,0.0412,0,0.0814
k,59,0.0186,0,0.0588
k,60,0.009,0,0.086
k,61,0.014,0.0025,0.091
k,62,0.0412,0.0025,0.0814
k,63,0.0186,0.0025,0.0588
k,64,0.009,0.0025,0.086
v,57,58,59,60,61,62,63,64
vsbv,6,5

!Bottom RHS trapezoid
k,65,0.0588,0,0.0814
k,66,0.086,0,0.091
k,67,0.091,0,0.086
k,68,0.0814,0,0.0588
k,69,0.0588,0.0025,0.0814
k,70,0.086,0.0025,0.091
k,71,0.091,0.0025,0.086
k,72,0.0814,0.0025,0.0588
v,65,66,67,68,69,70,71,72
vsbv,7,5

!Top RHS trapezoid
k,73,0.0814,0,0.0412
k,74,0.091,0,0.014
k,75,0.086,0,0.009
k,76,0.0588,0,0.0186
k,77,0.0814,0.0025,0.0412
k,78,0.091,0.0025,0.014
k,79,0.086,0.0025,0.009
k,80,0.0588,0.0025,0.0186
v,73,74,75,76,77,78,79,80
vsbv,6,5

!volume numbers: 1,2,3,4,7

!model bottom connecting blocks
block,0.0015,0.0055,0.0025,0.0065,0.0015,0.0055
block,0.0945,0.0985,0.0025,0.0065,0.0015,0.0055
block,0.0015,0.0055,0.0025,0.0065,0.0945,0.0985
block,0.0945,0.0985,0.0025,0.0065,0.0945,0.0985

!model bottom of sides
block,0,0.0015,0.0045,0.012,0.0035,0.0965
block,0.0035,0.0965,0.0045,0.012,0.0985,0.1
block,0.0985,0.1,0.0045,0.012,0.0035,0.0965
block,0.0035,0.0965,0.0045,0.012,0,0.0015

!model mid part of sides
block,0,0.0015,0.012,0.086,0.0035,0.0965
block,0.0035,0.0965,0.012,0.086,0.0985,0.1
block,0.0985,0.1,0.012,0.086,0.0035,0.0965
block,0.0035,0.0965,0.012,0.086,0,0.0015

!model LHS cutouts

!Left middle
k,177,0.0015,0.07588,0.014
k,178,0.0015,0.02212,0.014
k,179,0.0015,0.0455,0.043
k,180,0.0015,0.0515,0.043
k,181,0,0.07588,0.014
k,182,0,0.02212,0.014
k,183,0,0.0455,0.043
k,184,0,0.0515,0.043
v,177,178,179,180,181,182,183,184
vsbv,14,18

!Bottom
k,185,0.0015,0.0165,0.01762
k,186,0.0015,0.0165,0.08238
k,187,0.0015,0.0435,0.052
k,188,0.0015,0.0435,0.048
k,189,0,0.0165,0.01762
k,190,0,0.0165,0.08238
k,191,0,0.0435,0.052
k,192,0,0.0435,0.048
v,185,186,187,188,189,190,191,192
vsbv,19,14

!Right middle
k,193,0.0015,0.0515,0.057
k,194,0.0015,0.0455,0.057
k,195,0.0015,0.02212,0.086
k,196,0.0015,0.07588,0.086
k,197,0,0.0515,0.057
k,198,0,0.0455,0.057
k,199,0,0.02212,0.086
k,200,0,0.07588,0.086
v,193,194,195,196,197,198,199,200
vsbv,18,14

!Top
k,201,0.0015,0.0555,0.048
k,202,0.0015,0.0555,0.052
k,203,0.0015,0.0825,0.08238
k,204,0.0015,0.0825,0.01762
k,205,0,0.0555,0.048
k,206,0,0.0555,0.052
k,207,0,0.0825,0.08238
k,208,0,0.0825,0.01762
v,201,202,203,204,205,206,207,208
vsbv,19,14

!model front side cutouts

!LHS
k,209,0.014,0.07588,0.0985
k,210,0.014,0.02212,0.0985
k,211,0.043,0.0455,0.0985
k,212,0.043,0.0515,0.0985
k,213,0.014,0.07588,0.1
k,214,0.014,0.02212,0.1
k,215,0.043,0.0455,0.1
k,216,0.043,0.0515,0.1
v,209,210,211,212,213,214,215,216
vsbv,15,14

!Bottom
k,217,0.01762,0.0165,0.0985
k,218,0.08238,0.0165,0.0985
k,219,0.052,0.0435,0.0985
k,220,0.048,0.0435,0.0985
k,221,0.01762,0.0165,0.1
k,222,0.08238,0.0165,0.1
k,223,0.052,0.0435,0.1
k,224,0.048,0.0435,0.1
v,217,218,219,220,221,222,223,224
vsbv,19,14

!RHS
k,225,0.057,0.0515,0.0985
k,226,0.057,0.0455,0.0985
k,227,0.086,0.02212,0.0985
k,228,0.086,0.07588,0.0985
k,229,0.057,0.0515,0.1
k,230,0.057,0.0455,0.1
k,231,0.086,0.02212,0.1
k,232,0.086,0.07588,0.1
v,225,226,227,228,229,230,231,232
vsbv,15,14

!Top
k,233,0.048,0.0555,0.0985
k,234,0.052,0.0555,0.0985
k,235,0.08238,0.0825,0.0985
k,236,0.01762,0.0825,0.0985
k,237,0.048,0.0555,0.1
k,238,0.052,0.0555,0.1
k,239,0.08238,0.0825,0.1
k,240,0.01762,0.0825,0.1
v,233,234,235,236,237,238,239,240
vsbv,19,14

!model RH Side cutouts

!RHS
k,241,0.0985,0.07588,0.014
k,242,0.0985,0.02212,0.014
k,243,0.0985,0.0455,0.043
k,244,0.0985,0.0515,0.043
k,245,0.1,0.07588,0.014
k,246,0.1,0.02212,0.014
k,247,0.1,0.0455,0.043
k,248,0.1,0.0515,0.043
v,241,242,243,244,245,246,247,248
vsbv,16,14

!Bottom
k,249,0.0985,0.0165,0.01762
k,250,0.0985,0.0165,0.08238
k,251,0.0985,0.0435,0.052
k,252,0.0985,0.0435,0.048
k,253,0.1,0.0165,0.01762
k,254,0.1,0.0165,0.08238
k,255,0.1,0.0435,0.052
k,256,0.1,0.0435,0.048
v,249,250,251,252,253,254,255,256
vsbv,19,14

!LHS
k,257,0.0985,0.0515,0.057
k,258,0.0985,0.0455,0.057
k,259,0.0985,0.02212,0.086
k,260,0.0985,0.07588,0.086
k,261,0.1,0.0515,0.057
k,262,0.1,0.0455,0.057
k,263,0.1,0.02212,0.086
k,264,0.1,0.07588,0.086
v,257,258,259,260,261,262,263,264
vsbv,16,14

!Top
k,265,0.0985,0.0555,0.048
k,266,0.0985,0.0555,0.052
k,267,0.0985,0.0825,0.08238
k,268,0.0985,0.0825,0.01762
k,269,0.1,0.0555,0.048
k,270,0.1,0.0555,0.052
k,271,0.1,0.0825,0.08238
k,272,0.1,0.0825,0.01762
v,265,266,267,268,269,270,271,272
vsbv,19,14

!Model back side coutouts

!LHS
k,273,0.014,0.07588,0.0015
k,274,0.014,0.02212,0.0015
k,275,0.043,0.0455,0.0015
k,276,0.043,0.0515,0.0015
k,277,0.014,0.07588,0
k,278,0.014,0.02212,0
k,279,0.043,0.0455,0
k,280,0.043,0.0515,0
v,273,274,275,276,277,278,279,280
vsbv,17,14

!Bottom
k,281,0.01762,0.0165,0.0015
k,282,0.08238,0.0165,0.0015
k,283,0.052,0.0435,0.0015
k,284,0.048,0.0435,0.0015
k,285,0.01762,0.0165,0
k,286,0.08238,0.0165,0
k,287,0.052,0.0435,0
k,288,0.048,0.0435,0
v,281,282,283,284,285,286,287,288
vsbv,19,14

!RHS
k,289,0.057,0.0515,0.0015
k,290,0.057,0.0455,0.0015
k,291,0.086,0.02212,0.0015
k,292,0.086,0.07588,0.0015
k,293,0.057,0.0515,0
k,294,0.057,0.0455,0
k,295,0.086,0.02212,0
k,296,0.086,0.07588,0
v,289,290,291,292,293,294,295,296
vsbv,17,14

!Top
k,297,0.048,0.0555,0.0015
k,298,0.052,0.0555,0.0015
k,299,0.08238,0.0825,0.0015
k,300,0.01762,0.0825,0.0015
k,301,0.048,0.0555,0
k,302,0.052,0.0555,0
k,303,0.08238,0.0825,0
k,304,0.01762,0.0825,0
v,297,298,299,300,301,302,303,304
vsbv,19,14

!model top of sides
block,0,0.0015,0.086,0.0945,0.0035,0.0965
block,0.0035,0.0965,0.086,0.0945,0.0985,0.1
block,0.0985,0.1,0.086,0.0945,0.0035,0.0965
block,0.0035,0.0965,0.086,0.0945,0,0.0015

!model top supporting blocks
block,0.0015,0.0055,0.0925,0.0965,0.0015,0.0055
block,0.0945,0.0985,0.0925,0.0965,0.0015,0.0055
block,0.0015,0.0055,0.0925,0.0965,0.0945,0.0985
block,0.0945,0.0985,0.0925,0.0965,0.0945,0.0985

!model top plate
block,0,0.1,0.0965,0.1,0,0.008
block,0,0.1,0.0965,0.1,0.092,0.1
block,0,0.1,0.0965,0.1,0.008,0.092

!model top plate cutouts

!bottom trapezoid
k,409,0.01594,0.0965,0.09
k,410,0.08407,0.0965,0.09
k,411,0.05335,0.0965,0.061
k,412,0.04665,0.0965,0.061
k,413,0.01594,0.1,0.09
k,414,0.08407,0.1,0.09
k,415,0.05335,0.1,0.061
k,416,0.04665,0.1,0.061
v,409,410,411,412,413,414,415,416
vsbv,28,29

!LHS trapezoid
k,417,0.01,0.0965,0.0747
k,418,0.0177,0.0965,0.0747
k,419,0.03807,0.0965,0.048
k,420,0.01,0.0965,0.048
k,421,0.01,0.1,0.0747
k,422,0.0177,0.1,0.0747
k,423,0.03807,0.1,0.048
k,424,0.01,0.1,0.048
v,417,418,419,420,421,422,423,424
vsbv,30,28

!RHS trapezoid
k,425,0.09,0.0965,0.0747
k,426,0.0823,0.0965,0.0747
k,427,0.06193,0.0965,0.048
k,428,0.09,0.0965,0.048
k,429,0.09,0.1,0.0747
k,430,0.0823,0.1,0.0747
k,431,0.06193,0.1,0.048
k,432,0.09,0.1,0.048
v,425,426,427,428,429,430,431,432
vsbv,29,28

!centre square
k,433,0.04435,0.0965,0.04435
k,434,0.05565,0.0965,0.04435
k,435,0.05565,0.0965,0.05565
k,436,0.04435,0.0965,0.05565
k,437,0.04435,0.1,0.04435
k,438,0.05565,0.1,0.04435
k,439,0.05565,0.1,0.05565
k,440,0.04435,0.1,0.05565
v,433,434,435,436,437,438,439,440
vsbv,30,28

!Top square
k,441,0.03,0.0965,0.005
k,442,0.03,0.0965,0.04
k,443,0.06,0.0965,0.04
k,444,0.06,0.0965,0.005
k,445,0.03,0.1,0.005
k,446,0.03,0.1,0.04
k,447,0.06,0.1,0.04
k,448,0.06,0.1,0.005
v,441,442,443,444,445,446,447,448
vsbv,29,28

!Trapezoid LHS of square
k,449,0.02,0.0965,0.008
k,450,0.02,0.0965,0.01443
k,451,0.03,0.0965,0.01934
k,452,0.03,0.0965,0.008
k,453,0.02,0.1,0.008
k,454,0.02,0.1,0.01443
k,455,0.03,0.1,0.01934
k,456,0.03,0.1,0.008
v,449,450,451,452,453,454,455,456
vsbv,30,28

!Trapezoid RHS of square
k,457,0.06,0.0965,0.008
k,458,0.06,0.0965,0.04
k,459,0.08,0.0965,0.01443
k,460,0.08,0.0965,0.008
k,461,0.06,0.1,0.008
k,462,0.06,0.1,0.04
k,463,0.08,0.1,0.01443
k,464,0.08,0.1,0.008
v,457,458,459,460,461,462,463,464
vsbv,29,28

!Middle LHS trapezoid
k,465,0.01,0.0965,0.02
k,466,0.01,0.0965,0.04
k,467,0.022,0.0965,0.04
k,468,0.022,0.0965,0.02
k,469,0.01,0.1,0.02
k,470,0.01,0.1,0.04
k,471,0.022,0.1,0.04
k,472,0.022,0.1,0.02
v,465,466,467,468,469,470,471,472
vsbv,30,28

!Middle RHS trapezoid
k,473,0.09,0.0965,0.02
k,474,0.09,0.0965,0.04
k,475,0.078,0.0965,0.04
k,476,0.078,0.0965,0.02
k,477,0.09,0.1,0.02
k,478,0.09,0.1,0.04
k,479,0.078,0.1,0.04
k,480,0.078,0.1,0.02
v,473,474,475,476,477,478,479,480
vsbv,29,28

!Model top blocks
block,0,0.0085,0.1,0.1065,0,0.0085
block,0,0.0085,0.1,0.1065,0.0915,0.1
block,0.0915,0.1,0.1,0.1065,0.0915,0.1
block,0.0915,0.1,0.1,0.1065,0,0.0085


esize,0.0005
vmesh,1,6
vmesh,8,14
vmesh,19,29
vmesh,31,32

!mesh all sides plate: hex/wedge-sweep meshing
! Volumes for Vsweep - 7,15,16,17,18,32
vsweep,7
vsweep,15
vsweep,16
vsweep,17
vsweep,18
vsweep,30
nummrg,node
!13736 nodes merged for esize = 0.0005
!15032 nodes merged with added top blocks


!choose type of analysis
!fix Areas: 3,9,15,21,54
!pressure on Areas: 285,293,299,305
!inspect areas: 70, 230
!asel,s,area,,230,,
!nsla,s,1

!after modal analysis create link elements
n,,0.05,-0.05,0.05
type,2
real,2
e,740017
flst,5,4,1,orde,4
fitem,5,2
fitem,5,207
fitem,5,38947
fitem,5,38948
cm,_nodes,node
nsel,s, , ,p51x
nsel,a, , ,740017
cm,_mastern,node
cmsel,s,_nodes
cmsel,s,_mastern
cerig,740017,all,all, , , ,
cmsel,s,_nodes
finish
/post1
finish
/prep7
flst,2,1,1,orde,1
fitem,2,740017
/go
d,p51x, , , , , ,all, , , , ,
FINISH  
/SOL
allsel,all
ANTYPE,2
MODOPT,LANB,5   
EQSLV,SPAR  
MXPAND,10, , ,0 
LUMPM,0 
PSTRES,0
MODOPT,LANB,10,0,2000, ,OFF 
SOLVE   
FINISH  
/POST1  
FINISH  
/SOL
MXPAND,10,0,2000,1,0.001,
SOLVE   
FINISH 
/sol 
ANTYPE,8
SPOPT,PSD,10,YES   
dmprat,.02  
psdunit,1,ACCG,386.4
sed,0,1,0
!spectrum - remember to make sure this is up to date
PSDFRQ,1, ,20     ,153     ,190     ,250,  750, 2000,   
PSDVAL,1,  0.057 ,0.057   ,0.099   ,0.099, 0.055, 0.018,   
psdres,accg,abs 
d,740017,uy,1  
ALPHAD,0,   
BETAD,0,
DMPRAT,0,   
MDAMP,1, , , , , , ,
SOLCONTROL,ON,0,NOPL
PFACT,1,BASE,   
PSDCOM, ,   
/output, ,rvv   
SOLVE   
/output 
finish  
FINISH  
/POST1  
!*  
!*  
! /EFACET,1   
! PLNSOL, S,EQV, 1,1.0
SET,LIST
!create links between node 740017 and 2,207,38947,38948